Shimakaze
0
19400
1000
50
0.5
30
250
6
1800
2100
11
2
2
2
2
500
500
10
10
10
Kagero
0
19400
1000
50
0.5
30
250
6
1800
2100
11
2
2
2
2
500
500
10
10
10
Fubuki
0
19400
1000
50
0.5
30
250
6
1800
2100
11
2
2
2
2
500
500
10
10
10
Hatsuharu
0
19400
1000
50
0.5
30
250
6
1800
2100
11
2
2
2
2
500
500
10
10
10
Zao
1
19400
1000
50
0.5
30
250
6
1800
2100
11
2
2
2
2
500
500
10
10
10
Ibuki
1
19400
1000
50
0.5
30
250
6
1800
2100
11
2
2
2
2
500
500
10
10
10
Mogami
1
19400
1000
50
0.5
30
250
6
1800
2100
11
2
2
2
2
500
500
10
10
10
Myoko
1
19400
1000
50
0.5
30
250
6
1800
2100
11
2
2
2
2
500
500
10
10
10
Yamato
2
19400
1000
50
0.5
30
250
6
1800
2100
11
2
2
2
2
500
500
10
10
10
Izumo
2
19400
1000
50
0.5
30
250
6
1800
2100
11
2
2
2
2
500
500
10
10
10
Amagi
2
19400
1000
50
0.5
30
250
6
1800
2100
11
2
2
2
2
500
500
10
10
10
Nagato
2
19400
1000
50
0.5
30
250
6
1800
2100
11
2
2
2
2
500
500
10
10
10
Hakuryu
3
19400
1000
50
0.5
30
250
6
1800
2100
11
2
2
2
2
500
500
10
10
10
Taiho
3
19400
1000
50
0.5
30
250
6
1800
2100
11
2
2
2
2
500
500
10
10
10
Shokaku
3
19400
1000
50
0.5
30
250
6
1800
2100
11
2
2
2
2
500
500
10
10
10
