Gearlng
0
19400
1
2
3
4
5
6
7
1800
2100
8
9
10
17900
11
12
13
14
15
Fletcher
0
17100
1
2
3
4
5
6
7
1800
2100
8
9
10
19033
11
12
13
14
15
Benson
0
15400
1
2
3
4
5
6
7
1800
2100
8
9
10
16633
11
12
13
14
15
Mahan
0
14100
1
2
3
4
5
6
7
1800
2100
8
9
10
11600
11
12
13
14
15
Indianapolis
1
50600
1
2
3
4
5
6
7
2800
5000
8
9
10
11
12
13
14
15
16
Baltimore
1
42700
1
2
3
4
5
6
7
2800
5000
8
9
10
11
12
13
14
15
16
Pensacola
1
35400
1
2
3
4
5
6
7
2800
4600
8
9
10
11
12
13
14
15
16
Atlanta
1
34300
1
2
3
4
5
6
7
2800
4600
8
9
10
11
12
13
14
15
16
Montana
2
96300
1
2
3
4
5
6
7
5700
13500
8
9
10
11
12
13
14
15
16
Iowa
2
79000
1
2
3
4
5
6
7
5700
13500
8
9
10
11
12
13
14
15
16
Colorado
2
66000
1
2
3
4
5
6
7
5700
13100
8
9
10
11
12
13
14
15
16
Wyoming
2
50100
1
2
3
4
5
6
7
5600
12200
8
9
10
11
12
13
14
15
16
Midway
3
67600
1000
50
0.5
30
250
6
0
0
0
5
0
0
2
10
10
10
7000
10
Essex
3
56300
1000
50
0.5
30
250
6
0
0
0
5
0
0
2
10
10
10
5000
10
Lexington
3
57300
1000
50
0.5
30
250
6
0
0
0
5
0
0
2
10
10
10
3000
10